ds  acu hoi A/A1
quydinh: 1,2,3,4,5,6,7,8,9,10,11,12,13,29,31,33,
36,37,38,39,40,41,43,44,45,46,49,51,54,56,57,59,69,75,76,77,80,81,
94,96,99,100,103,107,109,110,111,119,123,124,125,126,137,138,140,141,
142,145,146,151,155,178
 
nghiemtrong: 19,20,21,22,24,25,27,28,30,32,34,35,47,48,52,53,63,64,65,66,67,68,70,
71,72,73,74,87,88,90,91,92,93,97,98,102,163,167,206,215,254,255,260
vanhoa: 182,185,187,189,191,192,193,194,195,200 
kythuat: 219,232,233,240,241,242,257,258,259,261
cautao:  
bienhieu: 303,304,305,306,307,313,314,315,317,318,322,323,324,325,326,329,330,335,345,
346,347,348,349,350,351,354,360,362,364,366,377,380,381,382,386,387,389,390,391,393,
394,395,397,398,400,401,402
sahinh: 7 },